1400, 0, 0, 30 << 8 | 0,
1373, 273, 0, 30 << 8 | 0,
1386, 0, 103, 30 << 8 | 0,
1359, 270, 103, 30 << 8 | 0,
1346, 0, 199, 30 << 8 | 0,
1320, 262, 199, 30 << 8 | 0,
1282, 0, 282, 30 << 8 | 0,
1258, 250, 282, 30 << 8 | 0,
1200, 0, 346, 30 << 8 | 0,
1176, 234, 346, 30 << 8 | 0,
1103, 0, 386, 30 << 8 | 0,
1082, 215, 386, 30 << 8 | 0,
1000, 0, 400, 30 << 8 | 0,
980, 195, 400, 30 << 8 | 0,
896, 0, 386, 30 << 8 | 0,
879, 174, 386, 30 << 8 | 0,
800, 0, 346, 30 << 8 | 0,
784, 156, 346, 30 << 8 | 0,
717, 0, 282, 30 << 8 | 0,
703, 139, 282, 30 << 8 | 0,
653, 0, 199, 30 << 8 | 0,
641, 127, 199, 30 << 8 | 0,
613, 0, 103, 30 << 8 | 0,
601, 119, 103, 30 << 8 | 0,
600, 0, 0, 30 << 8 | 0,
588, 117, 0, 30 << 8 | 0,
613, 0, -103, 30 << 8 | 0,
601, 119, -103, 30 << 8 | 0,
653, 0, -199, 30 << 8 | 0,
641, 127, -199, 30 << 8 | 0,
717, 0, -282, 30 << 8 | 0,
703, 139, -282, 30 << 8 | 0,
799, 0, -346, 30 << 8 | 0,
784, 156, -346, 30 << 8 | 0,
896, 0, -386, 30 << 8 | 0,
879, 174, -386, 30 << 8 | 0,
999, 0, -400, 30 << 8 | 0,
980, 195, -400, 30 << 8 | 0,
1103, 0, -386, 30 << 8 | 0,
1082, 215, -386, 30 << 8 | 0,
1200, 0, -346, 30 << 8 | 0,
1176, 234, -346, 30 << 8 | 0,
1282, 0, -282, 30 << 8 | 0,
1258, 250, -282, 30 << 8 | 0,
1346, 0, -200, 30 << 8 | 0,
1320, 262, -200, 30 << 8 | 0,
1386, 0, -103, 30 << 8 | 0,
1359, 270, -103, 30 << 8 | 0,
1400, 0, 0, 30 << 8 | 0,
1373, 273, 0, 30 << 8 | 0,
0, 0, 0, 0 << 8 | 5,
1373, 273, 0, 30 << 8 | 0,
1293, 535, 0, 30 << 8 | 0,
1359, 270, 103, 30 << 8 | 0,
1280, 530, 103, 30 << 8 | 0,
1320, 262, 199, 30 << 8 | 0,
1243, 515, 199, 30 << 8 | 0,
1258, 250, 282, 30 << 8 | 0,
1185, 490, 282, 30 << 8 | 0,
1176, 234, 346, 30 << 8 | 0,
1108, 459, 346, 30 << 8 | 0,
1082, 215, 386, 30 << 8 | 0,
1019, 422, 386, 30 << 8 | 0,
980, 195, 400, 30 << 8 | 0,
923, 382, 400, 30 << 8 | 0,
879, 174, 386, 30 << 8 | 0,
828, 343, 386, 30 << 8 | 0,
784, 156, 346, 30 << 8 | 0,
739, 306, 346, 30 << 8 | 0,
703, 139, 282, 30 << 8 | 0,
662, 274, 282, 30 << 8 | 0,
641, 127, 199, 30 << 8 | 0,
603, 250, 199, 30 << 8 | 0,
601, 119, 103, 30 << 8 | 0,
566, 234, 103, 30 << 8 | 0,
588, 117, 0, 30 << 8 | 0,
554, 229, 0, 30 << 8 | 0,
601, 119, -103, 30 << 8 | 0,
566, 234, -103, 30 << 8 | 0,
641, 127, -199, 30 << 8 | 0,
603, 250, -199, 30 << 8 | 0,
703, 139, -282, 30 << 8 | 0,
662, 274, -282, 30 << 8 | 0,
784, 156, -346, 30 << 8 | 0,
739, 306, -346, 30 << 8 | 0,
879, 174, -386, 30 << 8 | 0,
828, 343, -386, 30 << 8 | 0,
980, 195, -400, 30 << 8 | 0,
923, 382, -400, 30 << 8 | 0,
1082, 215, -386, 30 << 8 | 0,
1019, 422, -386, 30 << 8 | 0,
1176, 234, -346, 30 << 8 | 0,
1108, 459, -346, 30 << 8 | 0,
1258, 250, -282, 30 << 8 | 0,
1185, 490, -282, 30 << 8 | 0,
1320, 262, -200, 30 << 8 | 0,
1243, 515, -200, 30 << 8 | 0,
1359, 270, -103, 30 << 8 | 0,
1280, 530, -103, 30 << 8 | 0,
1373, 273, 0, 30 << 8 | 0,
1293, 535, 0, 30 << 8 | 0,
0, 0, 0, 0 << 8 | 5,
1293, 535, 0, 30 << 8 | 0,
1164, 777, 0, 30 << 8 | 0,
1280, 530, 103, 30 << 8 | 0,
1152, 770, 103, 30 << 8 | 0,
1243, 515, 199, 30 << 8 | 0,
1119, 748, 199, 30 << 8 | 0,
1185, 490, 282, 30 << 8 | 0,
1066, 712, 282, 30 << 8 | 0,
1108, 459, 346, 30 << 8 | 0,
997, 666, 346, 30 << 8 | 0,
1019, 422, 386, 30 << 8 | 0,
917, 613, 386, 30 << 8 | 0,
923, 382, 400, 30 << 8 | 0,
831, 555, 400, 30 << 8 | 0,
828, 343, 386, 30 << 8 | 0,
745, 498, 386, 30 << 8 | 0,
739, 306, 346, 30 << 8 | 0,
665, 444, 346, 30 << 8 | 0,
662, 274, 282, 30 << 8 | 0,
596, 398, 282, 30 << 8 | 0,
603, 250, 199, 30 << 8 | 0,
543, 363, 199, 30 << 8 | 0,
566, 234, 103, 30 << 8 | 0,
510, 340, 103, 30 << 8 | 0,
554, 229, 0, 30 << 8 | 0,
498, 333, 0, 30 << 8 | 0,
566, 234, -103, 30 << 8 | 0,
510, 340, -103, 30 << 8 | 0,
603, 250, -199, 30 << 8 | 0,
543, 363, -199, 30 << 8 | 0,
662, 274, -282, 30 << 8 | 0,
596, 398, -282, 30 << 8 | 0,
739, 306, -346, 30 << 8 | 0,
665, 444, -346, 30 << 8 | 0,
828, 343, -386, 30 << 8 | 0,
745, 498, -386, 30 << 8 | 0,
923, 382, -400, 30 << 8 | 0,
831, 555, -400, 30 << 8 | 0,
1019, 422, -386, 30 << 8 | 0,
917, 613, -386, 30 << 8 | 0,
1108, 459, -346, 30 << 8 | 0,
997, 666, -346, 30 << 8 | 0,
1185, 490, -282, 30 << 8 | 0,
1066, 712, -282, 30 << 8 | 0,
1243, 515, -200, 30 << 8 | 0,
1119, 748, -200, 30 << 8 | 0,
1280, 530, -103, 30 << 8 | 0,
1152, 770, -103, 30 << 8 | 0,
1293, 535, 0, 30 << 8 | 0,
1164, 777, 0, 30 << 8 | 0,
0, 0, 0, 0 << 8 | 5,
1164, 777, 0, 30 << 8 | 0,
989, 989, 0, 30 << 8 | 0,
1152, 770, 103, 30 << 8 | 0,
980, 980, 103, 30 << 8 | 0,
1119, 748, 199, 30 << 8 | 0,
952, 952, 199, 30 << 8 | 0,
1066, 712, 282, 30 << 8 | 0,
907, 907, 282, 30 << 8 | 0,
997, 666, 346, 30 << 8 | 0,
848, 848, 346, 30 << 8 | 0,
917, 613, 386, 30 << 8 | 0,
780, 780, 386, 30 << 8 | 0,
831, 555, 400, 30 << 8 | 0,
707, 707, 400, 30 << 8 | 0,
745, 498, 386, 30 << 8 | 0,
633, 633, 386, 30 << 8 | 0,
665, 444, 346, 30 << 8 | 0,
565, 565, 346, 30 << 8 | 0,
596, 398, 282, 30 << 8 | 0,
507, 507, 282, 30 << 8 | 0,
543, 363, 199, 30 << 8 | 0,
462, 462, 199, 30 << 8 | 0,
510, 340, 103, 30 << 8 | 0,
433, 433, 103, 30 << 8 | 0,
498, 333, 0, 30 << 8 | 0,
424, 424, 0, 30 << 8 | 0,
510, 340, -103, 30 << 8 | 0,
433, 433, -103, 30 << 8 | 0,
543, 363, -199, 30 << 8 | 0,
462, 462, -199, 30 << 8 | 0,
596, 398, -282, 30 << 8 | 0,
507, 507, -282, 30 << 8 | 0,
665, 444, -346, 30 << 8 | 0,
565, 565, -346, 30 << 8 | 0,
745, 498, -386, 30 << 8 | 0,
633, 633, -386, 30 << 8 | 0,
831, 555, -400, 30 << 8 | 0,
707, 707, -400, 30 << 8 | 0,
917, 613, -386, 30 << 8 | 0,
780, 780, -386, 30 << 8 | 0,
997, 666, -346, 30 << 8 | 0,
848, 848, -346, 30 << 8 | 0,
1066, 712, -282, 30 << 8 | 0,
907, 907, -282, 30 << 8 | 0,
1119, 748, -200, 30 << 8 | 0,
952, 952, -200, 30 << 8 | 0,
1152, 770, -103, 30 << 8 | 0,
980, 980, -103, 30 << 8 | 0,
1164, 777, 0, 30 << 8 | 0,
989, 989, 0, 30 << 8 | 0,
0, 0, 0, 0 << 8 | 5,
989, 989, 0, 30 << 8 | 0,
777, 1164, 0, 30 << 8 | 0,
980, 980, 103, 30 << 8 | 0,
770, 1152, 103, 30 << 8 | 0,
952, 952, 199, 30 << 8 | 0,
748, 1119, 199, 30 << 8 | 0,
907, 907, 282, 30 << 8 | 0,
712, 1066, 282, 30 << 8 | 0,
848, 848, 346, 30 << 8 | 0,
666, 997, 346, 30 << 8 | 0,
780, 780, 386, 30 << 8 | 0,
613, 917, 386, 30 << 8 | 0,
707, 707, 400, 30 << 8 | 0,
555, 831, 400, 30 << 8 | 0,
633, 633, 386, 30 << 8 | 0,
498, 745, 386, 30 << 8 | 0,
565, 565, 346, 30 << 8 | 0,
444, 665, 346, 30 << 8 | 0,
507, 507, 282, 30 << 8 | 0,
398, 596, 282, 30 << 8 | 0,
462, 462, 199, 30 << 8 | 0,
363, 543, 199, 30 << 8 | 0,
433, 433, 103, 30 << 8 | 0,
340, 510, 103, 30 << 8 | 0,
424, 424, 0, 30 << 8 | 0,
333, 498, 0, 30 << 8 | 0,
433, 433, -103, 30 << 8 | 0,
340, 510, -103, 30 << 8 | 0,
462, 462, -199, 30 << 8 | 0,
363, 543, -199, 30 << 8 | 0,
507, 507, -282, 30 << 8 | 0,
398, 596, -282, 30 << 8 | 0,
565, 565, -346, 30 << 8 | 0,
444, 665, -346, 30 << 8 | 0,
633, 633, -386, 30 << 8 | 0,
498, 745, -386, 30 << 8 | 0,
707, 707, -400, 30 << 8 | 0,
555, 831, -400, 30 << 8 | 0,
780, 780, -386, 30 << 8 | 0,
613, 917, -386, 30 << 8 | 0,
848, 848, -346, 30 << 8 | 0,
666, 997, -346, 30 << 8 | 0,
907, 907, -282, 30 << 8 | 0,
712, 1066, -282, 30 << 8 | 0,
952, 952, -200, 30 << 8 | 0,
748, 1119, -200, 30 << 8 | 0,
980, 980, -103, 30 << 8 | 0,
770, 1152, -103, 30 << 8 | 0,
989, 989, 0, 30 << 8 | 0,
777, 1164, 0, 30 << 8 | 0,
0, 0, 0, 0 << 8 | 5,
777, 1164, 0, 30 << 8 | 0,
535, 1293, 0, 30 << 8 | 0,
770, 1152, 103, 30 << 8 | 0,
530, 1280, 103, 30 << 8 | 0,
748, 1119, 199, 30 << 8 | 0,
515, 1243, 199, 30 << 8 | 0,
712, 1066, 282, 30 << 8 | 0,
490, 1185, 282, 30 << 8 | 0,
666, 997, 346, 30 << 8 | 0,
459, 1108, 346, 30 << 8 | 0,
613, 917, 386, 30 << 8 | 0,
422, 1019, 386, 30 << 8 | 0,
555, 831, 400, 30 << 8 | 0,
382, 923, 400, 30 << 8 | 0,
498, 745, 386, 30 << 8 | 0,
343, 828, 386, 30 << 8 | 0,
444, 665, 346, 30 << 8 | 0,
306, 739, 346, 30 << 8 | 0,
398, 596, 282, 30 << 8 | 0,
274, 662, 282, 30 << 8 | 0,
363, 543, 199, 30 << 8 | 0,
250, 603, 199, 30 << 8 | 0,
340, 510, 103, 30 << 8 | 0,
234, 566, 103, 30 << 8 | 0,
333, 498, 0, 30 << 8 | 0,
229, 554, 0, 30 << 8 | 0,
340, 510, -103, 30 << 8 | 0,
234, 566, -103, 30 << 8 | 0,
363, 543, -199, 30 << 8 | 0,
250, 603, -199, 30 << 8 | 0,
398, 596, -282, 30 << 8 | 0,
274, 662, -282, 30 << 8 | 0,
444, 665, -346, 30 << 8 | 0,
306, 739, -346, 30 << 8 | 0,
498, 745, -386, 30 << 8 | 0,
343, 828, -386, 30 << 8 | 0,
555, 831, -400, 30 << 8 | 0,
382, 923, -400, 30 << 8 | 0,
613, 917, -386, 30 << 8 | 0,
422, 1019, -386, 30 << 8 | 0,
666, 997, -346, 30 << 8 | 0,
459, 1108, -346, 30 << 8 | 0,
712, 1066, -282, 30 << 8 | 0,
490, 1185, -282, 30 << 8 | 0,
748, 1119, -200, 30 << 8 | 0,
515, 1243, -200, 30 << 8 | 0,
770, 1152, -103, 30 << 8 | 0,
530, 1280, -103, 30 << 8 | 0,
777, 1164, 0, 30 << 8 | 0,
535, 1293, 0, 30 << 8 | 0,
0, 0, 0, 0 << 8 | 5,
535, 1293, 0, 30 << 8 | 0,
273, 1373, 0, 30 << 8 | 0,
530, 1280, 103, 30 << 8 | 0,
270, 1359, 103, 30 << 8 | 0,
515, 1243, 199, 30 << 8 | 0,
262, 1320, 199, 30 << 8 | 0,
490, 1185, 282, 30 << 8 | 0,
250, 1258, 282, 30 << 8 | 0,
459, 1108, 346, 30 << 8 | 0,
234, 1176, 346, 30 << 8 | 0,
422, 1019, 386, 30 << 8 | 0,
215, 1082, 386, 30 << 8 | 0,
382, 923, 400, 30 << 8 | 0,
195, 980, 400, 30 << 8 | 0,
343, 828, 386, 30 << 8 | 0,
174, 879, 386, 30 << 8 | 0,
306, 739, 346, 30 << 8 | 0,
156, 784, 346, 30 << 8 | 0,
274, 662, 282, 30 << 8 | 0,
139, 703, 282, 30 << 8 | 0,
250, 603, 199, 30 << 8 | 0,
127, 641, 199, 30 << 8 | 0,
234, 566, 103, 30 << 8 | 0,
119, 601, 103, 30 << 8 | 0,
229, 554, 0, 30 << 8 | 0,
117, 588, 0, 30 << 8 | 0,
234, 566, -103, 30 << 8 | 0,
119, 601, -103, 30 << 8 | 0,
250, 603, -199, 30 << 8 | 0,
127, 641, -199, 30 << 8 | 0,
274, 662, -282, 30 << 8 | 0,
139, 703, -282, 30 << 8 | 0,
306, 739, -346, 30 << 8 | 0,
156, 784, -346, 30 << 8 | 0,
343, 828, -386, 30 << 8 | 0,
174, 879, -386, 30 << 8 | 0,
382, 923, -400, 30 << 8 | 0,
195, 980, -400, 30 << 8 | 0,
422, 1019, -386, 30 << 8 | 0,
215, 1082, -386, 30 << 8 | 0,
459, 1108, -346, 30 << 8 | 0,
234, 1176, -346, 30 << 8 | 0,
490, 1185, -282, 30 << 8 | 0,
250, 1258, -282, 30 << 8 | 0,
515, 1243, -200, 30 << 8 | 0,
262, 1320, -200, 30 << 8 | 0,
530, 1280, -103, 30 << 8 | 0,
270, 1359, -103, 30 << 8 | 0,
535, 1293, 0, 30 << 8 | 0,
273, 1373, 0, 30 << 8 | 0,
0, 0, 0, 0 << 8 | 5,
273, 1373, 0, 30 << 8 | 0,
0, 1400, 0, 30 << 8 | 0,
270, 1359, 103, 30 << 8 | 0,
0, 1386, 103, 30 << 8 | 0,
262, 1320, 199, 30 << 8 | 0,
0, 1346, 199, 30 << 8 | 0,
250, 1258, 282, 30 << 8 | 0,
0, 1282, 282, 30 << 8 | 0,
234, 1176, 346, 30 << 8 | 0,
0, 1200, 346, 30 << 8 | 0,
215, 1082, 386, 30 << 8 | 0,
0, 1103, 386, 30 << 8 | 0,
195, 980, 400, 30 << 8 | 0,
0, 1000, 400, 30 << 8 | 0,
174, 879, 386, 30 << 8 | 0,
0, 896, 386, 30 << 8 | 0,
156, 784, 346, 30 << 8 | 0,
0, 800, 346, 30 << 8 | 0,
139, 703, 282, 30 << 8 | 0,
0, 717, 282, 30 << 8 | 0,
127, 641, 199, 30 << 8 | 0,
0, 653, 199, 30 << 8 | 0,
119, 601, 103, 30 << 8 | 0,
0, 613, 103, 30 << 8 | 0,
117, 588, 0, 30 << 8 | 0,
0, 600, 0, 30 << 8 | 0,
119, 601, -103, 30 << 8 | 0,
0, 613, -103, 30 << 8 | 0,
127, 641, -199, 30 << 8 | 0,
0, 653, -199, 30 << 8 | 0,
139, 703, -282, 30 << 8 | 0,
0, 717, -282, 30 << 8 | 0,
156, 784, -346, 30 << 8 | 0,
0, 799, -346, 30 << 8 | 0,
174, 879, -386, 30 << 8 | 0,
0, 896, -386, 30 << 8 | 0,
195, 980, -400, 30 << 8 | 0,
0, 999, -400, 30 << 8 | 0,
215, 1082, -386, 30 << 8 | 0,
0, 1103, -386, 30 << 8 | 0,
234, 1176, -346, 30 << 8 | 0,
0, 1200, -346, 30 << 8 | 0,
250, 1258, -282, 30 << 8 | 0,
0, 1282, -282, 30 << 8 | 0,
262, 1320, -200, 30 << 8 | 0,
0, 1346, -200, 30 << 8 | 0,
270, 1359, -103, 30 << 8 | 0,
0, 1386, -103, 30 << 8 | 0,
273, 1373, 0, 30 << 8 | 0,
0, 1400, 0, 30 << 8 | 0,
0, 0, 0, 0 << 8 | 5,
0, 1400, 0, 30 << 8 | 0,
-273, 1373, 0, 30 << 8 | 0,
0, 1386, 103, 30 << 8 | 0,
-270, 1359, 103, 30 << 8 | 0,
0, 1346, 199, 30 << 8 | 0,
-262, 1320, 199, 30 << 8 | 0,
0, 1282, 282, 30 << 8 | 0,
-250, 1258, 282, 30 << 8 | 0,
0, 1200, 346, 30 << 8 | 0,
-234, 1176, 346, 30 << 8 | 0,
0, 1103, 386, 30 << 8 | 0,
-215, 1082, 386, 30 << 8 | 0,
0, 1000, 400, 30 << 8 | 0,
-195, 980, 400, 30 << 8 | 0,
0, 896, 386, 30 << 8 | 0,
-174, 879, 386, 30 << 8 | 0,
0, 800, 346, 30 << 8 | 0,
-156, 784, 346, 30 << 8 | 0,
0, 717, 282, 30 << 8 | 0,
-139, 703, 282, 30 << 8 | 0,
0, 653, 199, 30 << 8 | 0,
-127, 641, 199, 30 << 8 | 0,
0, 613, 103, 30 << 8 | 0,
-119, 601, 103, 30 << 8 | 0,
0, 600, 0, 30 << 8 | 0,
-117, 588, 0, 30 << 8 | 0,
0, 613, -103, 30 << 8 | 0,
-119, 601, -103, 30 << 8 | 0,
0, 653, -199, 30 << 8 | 0,
-127, 641, -199, 30 << 8 | 0,
0, 717, -282, 30 << 8 | 0,
-139, 703, -282, 30 << 8 | 0,
0, 799, -346, 30 << 8 | 0,
-156, 784, -346, 30 << 8 | 0,
0, 896, -386, 30 << 8 | 0,
-174, 879, -386, 30 << 8 | 0,
0, 999, -400, 30 << 8 | 0,
-195, 980, -400, 30 << 8 | 0,
0, 1103, -386, 30 << 8 | 0,
-215, 1082, -386, 30 << 8 | 0,
0, 1200, -346, 30 << 8 | 0,
-234, 1176, -346, 30 << 8 | 0,
0, 1282, -282, 30 << 8 | 0,
-250, 1258, -282, 30 << 8 | 0,
0, 1346, -200, 30 << 8 | 0,
-262, 1320, -200, 30 << 8 | 0,
0, 1386, -103, 30 << 8 | 0,
-270, 1359, -103, 30 << 8 | 0,
0, 1400, 0, 30 << 8 | 0,
-273, 1373, 0, 30 << 8 | 0,
0, 0, 0, 0 << 8 | 5,
-273, 1373, 0, 30 << 8 | 0,
-535, 1293, 0, 30 << 8 | 0,
-270, 1359, 103, 30 << 8 | 0,
-530, 1280, 103, 30 << 8 | 0,
-262, 1320, 199, 30 << 8 | 0,
-515, 1243, 199, 30 << 8 | 0,
-250, 1258, 282, 30 << 8 | 0,
-490, 1185, 282, 30 << 8 | 0,
-234, 1176, 346, 30 << 8 | 0,
-459, 1108, 346, 30 << 8 | 0,
-215, 1082, 386, 30 << 8 | 0,
-422, 1019, 386, 30 << 8 | 0,
-195, 980, 400, 30 << 8 | 0,
-382, 923, 400, 30 << 8 | 0,
-174, 879, 386, 30 << 8 | 0,
-343, 828, 386, 30 << 8 | 0,
-156, 784, 346, 30 << 8 | 0,
-306, 739, 346, 30 << 8 | 0,
-139, 703, 282, 30 << 8 | 0,
-274, 662, 282, 30 << 8 | 0,
-127, 641, 199, 30 << 8 | 0,
-250, 603, 199, 30 << 8 | 0,
-119, 601, 103, 30 << 8 | 0,
-234, 566, 103, 30 << 8 | 0,
-117, 588, 0, 30 << 8 | 0,
-229, 554, 0, 30 << 8 | 0,
-119, 601, -103, 30 << 8 | 0,
-234, 566, -103, 30 << 8 | 0,
-127, 641, -199, 30 << 8 | 0,
-250, 603, -199, 30 << 8 | 0,
-139, 703, -282, 30 << 8 | 0,
-274, 662, -282, 30 << 8 | 0,
-156, 784, -346, 30 << 8 | 0,
-306, 739, -346, 30 << 8 | 0,
-174, 879, -386, 30 << 8 | 0,
-343, 828, -386, 30 << 8 | 0,
-195, 980, -400, 30 << 8 | 0,
-382, 923, -400, 30 << 8 | 0,
-215, 1082, -386, 30 << 8 | 0,
-422, 1019, -386, 30 << 8 | 0,
-234, 1176, -346, 30 << 8 | 0,
-459, 1108, -346, 30 << 8 | 0,
-250, 1258, -282, 30 << 8 | 0,
-490, 1185, -282, 30 << 8 | 0,
-262, 1320, -200, 30 << 8 | 0,
-515, 1243, -200, 30 << 8 | 0,
-270, 1359, -103, 30 << 8 | 0,
-530, 1280, -103, 30 << 8 | 0,
-273, 1373, 0, 30 << 8 | 0,
-535, 1293, 0, 30 << 8 | 0,
0, 0, 0, 0 << 8 | 5,
-535, 1293, 0, 30 << 8 | 0,
-777, 1164, 0, 30 << 8 | 0,
-530, 1280, 103, 30 << 8 | 0,
-770, 1152, 103, 30 << 8 | 0,
-515, 1243, 199, 30 << 8 | 0,
-748, 1119, 199, 30 << 8 | 0,
-490, 1185, 282, 30 << 8 | 0,
-712, 1066, 282, 30 << 8 | 0,
-459, 1108, 346, 30 << 8 | 0,
-666, 997, 346, 30 << 8 | 0,
-422, 1019, 386, 30 << 8 | 0,
-613, 917, 386, 30 << 8 | 0,
-382, 923, 400, 30 << 8 | 0,
-555, 831, 400, 30 << 8 | 0,
-343, 828, 386, 30 << 8 | 0,
-498, 745, 386, 30 << 8 | 0,
-306, 739, 346, 30 << 8 | 0,
-444, 665, 346, 30 << 8 | 0,
-274, 662, 282, 30 << 8 | 0,
-398, 596, 282, 30 << 8 | 0,
-250, 603, 199, 30 << 8 | 0,
-363, 543, 199, 30 << 8 | 0,
-234, 566, 103, 30 << 8 | 0,
-340, 510, 103, 30 << 8 | 0,
-229, 554, 0, 30 << 8 | 0,
-333, 498, 0, 30 << 8 | 0,
-234, 566, -103, 30 << 8 | 0,
-340, 510, -103, 30 << 8 | 0,
-250, 603, -199, 30 << 8 | 0,
-363, 543, -199, 30 << 8 | 0,
-274, 662, -282, 30 << 8 | 0,
-398, 596, -282, 30 << 8 | 0,
-306, 739, -346, 30 << 8 | 0,
-444, 665, -346, 30 << 8 | 0,
-343, 828, -386, 30 << 8 | 0,
-498, 745, -386, 30 << 8 | 0,
-382, 923, -400, 30 << 8 | 0,
-555, 831, -400, 30 << 8 | 0,
-422, 1019, -386, 30 << 8 | 0,
-613, 917, -386, 30 << 8 | 0,
-459, 1108, -346, 30 << 8 | 0,
-666, 997, -346, 30 << 8 | 0,
-490, 1185, -282, 30 << 8 | 0,
-712, 1066, -282, 30 << 8 | 0,
-515, 1243, -200, 30 << 8 | 0,
-748, 1119, -200, 30 << 8 | 0,
-530, 1280, -103, 30 << 8 | 0,
-770, 1152, -103, 30 << 8 | 0,
-535, 1293, 0, 30 << 8 | 0,
-777, 1164, 0, 30 << 8 | 0,
0, 0, 0, 0 << 8 | 5,
-777, 1164, 0, 30 << 8 | 0,
-989, 989, 0, 30 << 8 | 0,
-770, 1152, 103, 30 << 8 | 0,
-980, 980, 103, 30 << 8 | 0,
-748, 1119, 199, 30 << 8 | 0,
-952, 952, 199, 30 << 8 | 0,
-712, 1066, 282, 30 << 8 | 0,
-907, 907, 282, 30 << 8 | 0,
-666, 997, 346, 30 << 8 | 0,
-848, 848, 346, 30 << 8 | 0,
-613, 917, 386, 30 << 8 | 0,
-780, 780, 386, 30 << 8 | 0,
-555, 831, 400, 30 << 8 | 0,
-707, 707, 400, 30 << 8 | 0,
-498, 745, 386, 30 << 8 | 0,
-633, 633, 386, 30 << 8 | 0,
-444, 665, 346, 30 << 8 | 0,
-565, 565, 346, 30 << 8 | 0,
-398, 596, 282, 30 << 8 | 0,
-507, 507, 282, 30 << 8 | 0,
-363, 543, 199, 30 << 8 | 0,
-462, 462, 199, 30 << 8 | 0,
-340, 510, 103, 30 << 8 | 0,
-433, 433, 103, 30 << 8 | 0,
-333, 498, 0, 30 << 8 | 0,
-424, 424, 0, 30 << 8 | 0,
-340, 510, -103, 30 << 8 | 0,
-433, 433, -103, 30 << 8 | 0,
-363, 543, -199, 30 << 8 | 0,
-462, 462, -199, 30 << 8 | 0,
-398, 596, -282, 30 << 8 | 0,
-507, 507, -282, 30 << 8 | 0,
-444, 665, -346, 30 << 8 | 0,
-565, 565, -346, 30 << 8 | 0,
-498, 745, -386, 30 << 8 | 0,
-633, 633, -386, 30 << 8 | 0,
-555, 831, -400, 30 << 8 | 0,
-707, 707, -400, 30 << 8 | 0,
-613, 917, -386, 30 << 8 | 0,
-780, 780, -386, 30 << 8 | 0,
-666, 997, -346, 30 << 8 | 0,
-848, 848, -346, 30 << 8 | 0,
-712, 1066, -282, 30 << 8 | 0,
-907, 907, -282, 30 << 8 | 0,
-748, 1119, -200, 30 << 8 | 0,
-952, 952, -200, 30 << 8 | 0,
-770, 1152, -103, 30 << 8 | 0,
-980, 980, -103, 30 << 8 | 0,
-777, 1164, 0, 30 << 8 | 0,
-989, 989, 0, 30 << 8 | 0,
0, 0, 0, 0 << 8 | 5,
-989, 989, 0, 30 << 8 | 0,
-1164, 777, 0, 30 << 8 | 0,
-980, 980, 103, 30 << 8 | 0,
-1152, 770, 103, 30 << 8 | 0,
-952, 952, 199, 30 << 8 | 0,
-1119, 748, 199, 30 << 8 | 0,
-907, 907, 282, 30 << 8 | 0,
-1066, 712, 282, 30 << 8 | 0,
-848, 848, 346, 30 << 8 | 0,
-997, 666, 346, 30 << 8 | 0,
-780, 780, 386, 30 << 8 | 0,
-917, 613, 386, 30 << 8 | 0,
-707, 707, 400, 30 << 8 | 0,
-831, 555, 400, 30 << 8 | 0,
-633, 633, 386, 30 << 8 | 0,
-745, 498, 386, 30 << 8 | 0,
-565, 565, 346, 30 << 8 | 0,
-665, 444, 346, 30 << 8 | 0,
-507, 507, 282, 30 << 8 | 0,
-596, 398, 282, 30 << 8 | 0,
-462, 462, 199, 30 << 8 | 0,
-543, 363, 199, 30 << 8 | 0,
-433, 433, 103, 30 << 8 | 0,
-510, 340, 103, 30 << 8 | 0,
-424, 424, 0, 30 << 8 | 0,
-498, 333, 0, 30 << 8 | 0,
-433, 433, -103, 30 << 8 | 0,
-510, 340, -103, 30 << 8 | 0,
-462, 462, -199, 30 << 8 | 0,
-543, 363, -199, 30 << 8 | 0,
-507, 507, -282, 30 << 8 | 0,
-596, 398, -282, 30 << 8 | 0,
-565, 565, -346, 30 << 8 | 0,
-665, 444, -346, 30 << 8 | 0,
-633, 633, -386, 30 << 8 | 0,
-745, 498, -386, 30 << 8 | 0,
-707, 707, -400, 30 << 8 | 0,
-831, 555, -400, 30 << 8 | 0,
-780, 780, -386, 30 << 8 | 0,
-917, 613, -386, 30 << 8 | 0,
-848, 848, -346, 30 << 8 | 0,
-997, 666, -346, 30 << 8 | 0,
-907, 907, -282, 30 << 8 | 0,
-1066, 712, -282, 30 << 8 | 0,
-952, 952, -200, 30 << 8 | 0,
-1119, 748, -200, 30 << 8 | 0,
-980, 980, -103, 30 << 8 | 0,
-1152, 770, -103, 30 << 8 | 0,
-989, 989, 0, 30 << 8 | 0,
-1164, 777, 0, 30 << 8 | 0,
0, 0, 0, 0 << 8 | 5,
-1164, 777, 0, 30 << 8 | 0,
-1293, 535, 0, 30 << 8 | 0,
-1152, 770, 103, 30 << 8 | 0,
-1280, 530, 103, 30 << 8 | 0,
-1119, 748, 199, 30 << 8 | 0,
-1243, 515, 199, 30 << 8 | 0,
-1066, 712, 282, 30 << 8 | 0,
-1185, 490, 282, 30 << 8 | 0,
-997, 666, 346, 30 << 8 | 0,
-1108, 459, 346, 30 << 8 | 0,
-917, 613, 386, 30 << 8 | 0,
-1019, 422, 386, 30 << 8 | 0,
-831, 555, 400, 30 << 8 | 0,
-923, 382, 400, 30 << 8 | 0,
-745, 498, 386, 30 << 8 | 0,
-828, 343, 386, 30 << 8 | 0,
-665, 444, 346, 30 << 8 | 0,
-739, 306, 346, 30 << 8 | 0,
-596, 398, 282, 30 << 8 | 0,
-662, 274, 282, 30 << 8 | 0,
-543, 363, 199, 30 << 8 | 0,
-603, 250, 199, 30 << 8 | 0,
-510, 340, 103, 30 << 8 | 0,
-566, 234, 103, 30 << 8 | 0,
-498, 333, 0, 30 << 8 | 0,
-554, 229, 0, 30 << 8 | 0,
-510, 340, -103, 30 << 8 | 0,
-566, 234, -103, 30 << 8 | 0,
-543, 363, -199, 30 << 8 | 0,
-603, 250, -199, 30 << 8 | 0,
-596, 398, -282, 30 << 8 | 0,
-662, 274, -282, 30 << 8 | 0,
-665, 444, -346, 30 << 8 | 0,
-739, 306, -346, 30 << 8 | 0,
-745, 498, -386, 30 << 8 | 0,
-828, 343, -386, 30 << 8 | 0,
-831, 555, -400, 30 << 8 | 0,
-923, 382, -400, 30 << 8 | 0,
-917, 613, -386, 30 << 8 | 0,
-1019, 422, -386, 30 << 8 | 0,
-997, 666, -346, 30 << 8 | 0,
-1108, 459, -346, 30 << 8 | 0,
-1066, 712, -282, 30 << 8 | 0,
-1185, 490, -282, 30 << 8 | 0,
-1119, 748, -200, 30 << 8 | 0,
-1243, 515, -200, 30 << 8 | 0,
-1152, 770, -103, 30 << 8 | 0,
-1280, 530, -103, 30 << 8 | 0,
-1164, 777, 0, 30 << 8 | 0,
-1293, 535, 0, 30 << 8 | 0,
0, 0, 0, 0 << 8 | 5,
-1293, 535, 0, 30 << 8 | 0,
-1373, 273, 0, 30 << 8 | 0,
-1280, 530, 103, 30 << 8 | 0,
-1359, 270, 103, 30 << 8 | 0,
-1243, 515, 199, 30 << 8 | 0,
-1320, 262, 199, 30 << 8 | 0,
-1185, 490, 282, 30 << 8 | 0,
-1258, 250, 282, 30 << 8 | 0,
-1108, 459, 346, 30 << 8 | 0,
-1176, 234, 346, 30 << 8 | 0,
-1019, 422, 386, 30 << 8 | 0,
-1082, 215, 386, 30 << 8 | 0,
-923, 382, 400, 30 << 8 | 0,
-980, 195, 400, 30 << 8 | 0,
-828, 343, 386, 30 << 8 | 0,
-879, 174, 386, 30 << 8 | 0,
-739, 306, 346, 30 << 8 | 0,
-784, 156, 346, 30 << 8 | 0,
-662, 274, 282, 30 << 8 | 0,
-703, 139, 282, 30 << 8 | 0,
-603, 250, 199, 30 << 8 | 0,
-641, 127, 199, 30 << 8 | 0,
-566, 234, 103, 30 << 8 | 0,
-601, 119, 103, 30 << 8 | 0,
-554, 229, 0, 30 << 8 | 0,
-588, 117, 0, 30 << 8 | 0,
-566, 234, -103, 30 << 8 | 0,
-601, 119, -103, 30 << 8 | 0,
-603, 250, -199, 30 << 8 | 0,
-641, 127, -199, 30 << 8 | 0,
-662, 274, -282, 30 << 8 | 0,
-703, 139, -282, 30 << 8 | 0,
-739, 306, -346, 30 << 8 | 0,
-784, 156, -346, 30 << 8 | 0,
-828, 343, -386, 30 << 8 | 0,
-879, 174, -386, 30 << 8 | 0,
-923, 382, -400, 30 << 8 | 0,
-980, 195, -400, 30 << 8 | 0,
-1019, 422, -386, 30 << 8 | 0,
-1082, 215, -386, 30 << 8 | 0,
-1108, 459, -346, 30 << 8 | 0,
-1176, 234, -346, 30 << 8 | 0,
-1185, 490, -282, 30 << 8 | 0,
-1258, 250, -282, 30 << 8 | 0,
-1243, 515, -200, 30 << 8 | 0,
-1320, 262, -200, 30 << 8 | 0,
-1280, 530, -103, 30 << 8 | 0,
-1359, 270, -103, 30 << 8 | 0,
-1293, 535, 0, 30 << 8 | 0,
-1373, 273, 0, 30 << 8 | 0,
0, 0, 0, 0 << 8 | 5,
-1373, 273, 0, 30 << 8 | 0,
-1400, 0, 0, 30 << 8 | 0,
-1359, 270, 103, 30 << 8 | 0,
-1386, 0, 103, 30 << 8 | 0,
-1320, 262, 199, 30 << 8 | 0,
-1346, 0, 199, 30 << 8 | 0,
-1258, 250, 282, 30 << 8 | 0,
-1282, 0, 282, 30 << 8 | 0,
-1176, 234, 346, 30 << 8 | 0,
-1200, 0, 346, 30 << 8 | 0,
-1082, 215, 386, 30 << 8 | 0,
-1103, 0, 386, 30 << 8 | 0,
-980, 195, 400, 30 << 8 | 0,
-1000, 0, 400, 30 << 8 | 0,
-879, 174, 386, 30 << 8 | 0,
-896, 0, 386, 30 << 8 | 0,
-784, 156, 346, 30 << 8 | 0,
-800, 0, 346, 30 << 8 | 0,
-703, 139, 282, 30 << 8 | 0,
-717, 0, 282, 30 << 8 | 0,
-641, 127, 199, 30 << 8 | 0,
-653, 0, 199, 30 << 8 | 0,
-601, 119, 103, 30 << 8 | 0,
-613, 0, 103, 30 << 8 | 0,
-588, 117, 0, 30 << 8 | 0,
-600, 0, 0, 30 << 8 | 0,
-601, 119, -103, 30 << 8 | 0,
-613, 0, -103, 30 << 8 | 0,
-641, 127, -199, 30 << 8 | 0,
-653, 0, -199, 30 << 8 | 0,
-703, 139, -282, 30 << 8 | 0,
-717, 0, -282, 30 << 8 | 0,
-784, 156, -346, 30 << 8 | 0,
-799, 0, -346, 30 << 8 | 0,
-879, 174, -386, 30 << 8 | 0,
-896, 0, -386, 30 << 8 | 0,
-980, 195, -400, 30 << 8 | 0,
-999, 0, -400, 30 << 8 | 0,
-1082, 215, -386, 30 << 8 | 0,
-1103, 0, -386, 30 << 8 | 0,
-1176, 234, -346, 30 << 8 | 0,
-1200, 0, -346, 30 << 8 | 0,
-1258, 250, -282, 30 << 8 | 0,
-1282, 0, -282, 30 << 8 | 0,
-1320, 262, -200, 30 << 8 | 0,
-1346, 0, -200, 30 << 8 | 0,
-1359, 270, -103, 30 << 8 | 0,
-1386, 0, -103, 30 << 8 | 0,
-1373, 273, 0, 30 << 8 | 0,
-1400, 0, 0, 30 << 8 | 0,
0, 0, 0, 0 << 8 | 5,
-1400, 0, 0, 30 << 8 | 0,
-1373, -273, 0, 30 << 8 | 0,
-1386, 0, 103, 30 << 8 | 0,
-1359, -270, 103, 30 << 8 | 0,
-1346, 0, 199, 30 << 8 | 0,
-1320, -262, 199, 30 << 8 | 0,
-1282, 0, 282, 30 << 8 | 0,
-1258, -250, 282, 30 << 8 | 0,
-1200, 0, 346, 30 << 8 | 0,
-1176, -234, 346, 30 << 8 | 0,
-1103, 0, 386, 30 << 8 | 0,
-1082, -215, 386, 30 << 8 | 0,
-1000, 0, 400, 30 << 8 | 0,
-980, -195, 400, 30 << 8 | 0,
-896, 0, 386, 30 << 8 | 0,
-879, -174, 386, 30 << 8 | 0,
-800, 0, 346, 30 << 8 | 0,
-784, -156, 346, 30 << 8 | 0,
-717, 0, 282, 30 << 8 | 0,
-703, -139, 282, 30 << 8 | 0,
-653, 0, 199, 30 << 8 | 0,
-641, -127, 199, 30 << 8 | 0,
-613, 0, 103, 30 << 8 | 0,
-601, -119, 103, 30 << 8 | 0,
-600, 0, 0, 30 << 8 | 0,
-588, -117, 0, 30 << 8 | 0,
-613, 0, -103, 30 << 8 | 0,
-601, -119, -103, 30 << 8 | 0,
-653, 0, -199, 30 << 8 | 0,
-641, -127, -199, 30 << 8 | 0,
-717, 0, -282, 30 << 8 | 0,
-703, -139, -282, 30 << 8 | 0,
-799, 0, -346, 30 << 8 | 0,
-784, -156, -346, 30 << 8 | 0,
-896, 0, -386, 30 << 8 | 0,
-879, -174, -386, 30 << 8 | 0,
-999, 0, -400, 30 << 8 | 0,
-980, -195, -400, 30 << 8 | 0,
-1103, 0, -386, 30 << 8 | 0,
-1082, -215, -386, 30 << 8 | 0,
-1200, 0, -346, 30 << 8 | 0,
-1176, -234, -346, 30 << 8 | 0,
-1282, 0, -282, 30 << 8 | 0,
-1258, -250, -282, 30 << 8 | 0,
-1346, 0, -200, 30 << 8 | 0,
-1320, -262, -200, 30 << 8 | 0,
-1386, 0, -103, 30 << 8 | 0,
-1359, -270, -103, 30 << 8 | 0,
-1400, 0, 0, 30 << 8 | 0,
-1373, -273, 0, 30 << 8 | 0,
0, 0, 0, 0 << 8 | 5,
-1373, -273, 0, 30 << 8 | 0,
-1293, -535, 0, 30 << 8 | 0,
-1359, -270, 103, 30 << 8 | 0,
-1280, -530, 103, 30 << 8 | 0,
-1320, -262, 199, 30 << 8 | 0,
-1243, -515, 199, 30 << 8 | 0,
-1258, -250, 282, 30 << 8 | 0,
-1185, -490, 282, 30 << 8 | 0,
-1176, -234, 346, 30 << 8 | 0,
-1108, -459, 346, 30 << 8 | 0,
-1082, -215, 386, 30 << 8 | 0,
-1019, -422, 386, 30 << 8 | 0,
-980, -195, 400, 30 << 8 | 0,
-923, -382, 400, 30 << 8 | 0,
-879, -174, 386, 30 << 8 | 0,
-828, -343, 386, 30 << 8 | 0,
-784, -156, 346, 30 << 8 | 0,
-739, -306, 346, 30 << 8 | 0,
-703, -139, 282, 30 << 8 | 0,
-662, -274, 282, 30 << 8 | 0,
-641, -127, 199, 30 << 8 | 0,
-603, -250, 199, 30 << 8 | 0,
-601, -119, 103, 30 << 8 | 0,
-566, -234, 103, 30 << 8 | 0,
-588, -117, 0, 30 << 8 | 0,
-554, -229, 0, 30 << 8 | 0,
-601, -119, -103, 30 << 8 | 0,
-566, -234, -103, 30 << 8 | 0,
-641, -127, -199, 30 << 8 | 0,
-603, -250, -199, 30 << 8 | 0,
-703, -139, -282, 30 << 8 | 0,
-662, -274, -282, 30 << 8 | 0,
-784, -156, -346, 30 << 8 | 0,
-739, -306, -346, 30 << 8 | 0,
-879, -174, -386, 30 << 8 | 0,
-828, -343, -386, 30 << 8 | 0,
-980, -195, -400, 30 << 8 | 0,
-923, -382, -400, 30 << 8 | 0,
-1082, -215, -386, 30 << 8 | 0,
-1019, -422, -386, 30 << 8 | 0,
-1176, -234, -346, 30 << 8 | 0,
-1108, -459, -346, 30 << 8 | 0,
-1258, -250, -282, 30 << 8 | 0,
-1185, -490, -282, 30 << 8 | 0,
-1320, -262, -200, 30 << 8 | 0,
-1243, -515, -200, 30 << 8 | 0,
-1359, -270, -103, 30 << 8 | 0,
-1280, -530, -103, 30 << 8 | 0,
-1373, -273, 0, 30 << 8 | 0,
-1293, -535, 0, 30 << 8 | 0,
0, 0, 0, 0 << 8 | 5,
-1293, -535, 0, 30 << 8 | 0,
-1164, -777, 0, 30 << 8 | 0,
-1280, -530, 103, 30 << 8 | 0,
-1152, -770, 103, 30 << 8 | 0,
-1243, -515, 199, 30 << 8 | 0,
-1119, -748, 199, 30 << 8 | 0,
-1185, -490, 282, 30 << 8 | 0,
-1066, -712, 282, 30 << 8 | 0,
-1108, -459, 346, 30 << 8 | 0,
-997, -666, 346, 30 << 8 | 0,
-1019, -422, 386, 30 << 8 | 0,
-917, -613, 386, 30 << 8 | 0,
-923, -382, 400, 30 << 8 | 0,
-831, -555, 400, 30 << 8 | 0,
-828, -343, 386, 30 << 8 | 0,
-745, -498, 386, 30 << 8 | 0,
-739, -306, 346, 30 << 8 | 0,
-665, -444, 346, 30 << 8 | 0,
-662, -274, 282, 30 << 8 | 0,
-596, -398, 282, 30 << 8 | 0,
-603, -250, 199, 30 << 8 | 0,
-543, -363, 199, 30 << 8 | 0,
-566, -234, 103, 30 << 8 | 0,
-510, -340, 103, 30 << 8 | 0,
-554, -229, 0, 30 << 8 | 0,
-498, -333, 0, 30 << 8 | 0,
-566, -234, -103, 30 << 8 | 0,
-510, -340, -103, 30 << 8 | 0,
-603, -250, -199, 30 << 8 | 0,
-543, -363, -199, 30 << 8 | 0,
-662, -274, -282, 30 << 8 | 0,
-596, -398, -282, 30 << 8 | 0,
-739, -306, -346, 30 << 8 | 0,
-665, -444, -346, 30 << 8 | 0,
-828, -343, -386, 30 << 8 | 0,
-745, -498, -386, 30 << 8 | 0,
-923, -382, -400, 30 << 8 | 0,
-831, -555, -400, 30 << 8 | 0,
-1019, -422, -386, 30 << 8 | 0,
-917, -613, -386, 30 << 8 | 0,
-1108, -459, -346, 30 << 8 | 0,
-997, -666, -346, 30 << 8 | 0,
-1185, -490, -282, 30 << 8 | 0,
-1066, -712, -282, 30 << 8 | 0,
-1243, -515, -200, 30 << 8 | 0,
-1119, -748, -200, 30 << 8 | 0,
-1280, -530, -103, 30 << 8 | 0,
-1152, -770, -103, 30 << 8 | 0,
-1293, -535, 0, 30 << 8 | 0,
-1164, -777, 0, 30 << 8 | 0,
0, 0, 0, 0 << 8 | 5,
-1164, -777, 0, 30 << 8 | 0,
-989, -989, 0, 30 << 8 | 0,
-1152, -770, 103, 30 << 8 | 0,
-980, -980, 103, 30 << 8 | 0,
-1119, -748, 199, 30 << 8 | 0,
-952, -952, 199, 30 << 8 | 0,
-1066, -712, 282, 30 << 8 | 0,
-907, -907, 282, 30 << 8 | 0,
-997, -666, 346, 30 << 8 | 0,
-848, -848, 346, 30 << 8 | 0,
-917, -613, 386, 30 << 8 | 0,
-780, -780, 386, 30 << 8 | 0,
-831, -555, 400, 30 << 8 | 0,
-707, -707, 400, 30 << 8 | 0,
-745, -498, 386, 30 << 8 | 0,
-633, -633, 386, 30 << 8 | 0,
-665, -444, 346, 30 << 8 | 0,
-565, -565, 346, 30 << 8 | 0,
-596, -398, 282, 30 << 8 | 0,
-507, -507, 282, 30 << 8 | 0,
-543, -363, 199, 30 << 8 | 0,
-462, -462, 199, 30 << 8 | 0,
-510, -340, 103, 30 << 8 | 0,
-433, -433, 103, 30 << 8 | 0,
-498, -333, 0, 30 << 8 | 0,
-424, -424, 0, 30 << 8 | 0,
-510, -340, -103, 30 << 8 | 0,
-433, -433, -103, 30 << 8 | 0,
-543, -363, -199, 30 << 8 | 0,
-462, -462, -199, 30 << 8 | 0,
-596, -398, -282, 30 << 8 | 0,
-507, -507, -282, 30 << 8 | 0,
-665, -444, -346, 30 << 8 | 0,
-565, -565, -346, 30 << 8 | 0,
-745, -498, -386, 30 << 8 | 0,
-633, -633, -386, 30 << 8 | 0,
-831, -555, -400, 30 << 8 | 0,
-707, -707, -400, 30 << 8 | 0,
-917, -613, -386, 30 << 8 | 0,
-780, -780, -386, 30 << 8 | 0,
-997, -666, -346, 30 << 8 | 0,
-848, -848, -346, 30 << 8 | 0,
-1066, -712, -282, 30 << 8 | 0,
-907, -907, -282, 30 << 8 | 0,
-1119, -748, -200, 30 << 8 | 0,
-952, -952, -200, 30 << 8 | 0,
-1152, -770, -103, 30 << 8 | 0,
-980, -980, -103, 30 << 8 | 0,
-1164, -777, 0, 30 << 8 | 0,
-989, -989, 0, 30 << 8 | 0,
0, 0, 0, 0 << 8 | 5,
-989, -989, 0, 30 << 8 | 0,
-777, -1164, 0, 30 << 8 | 0,
-980, -980, 103, 30 << 8 | 0,
-770, -1152, 103, 30 << 8 | 0,
-952, -952, 199, 30 << 8 | 0,
-748, -1119, 199, 30 << 8 | 0,
-907, -907, 282, 30 << 8 | 0,
-712, -1066, 282, 30 << 8 | 0,
-848, -848, 346, 30 << 8 | 0,
-666, -997, 346, 30 << 8 | 0,
-780, -780, 386, 30 << 8 | 0,
-613, -917, 386, 30 << 8 | 0,
-707, -707, 400, 30 << 8 | 0,
-555, -831, 400, 30 << 8 | 0,
-633, -633, 386, 30 << 8 | 0,
-498, -745, 386, 30 << 8 | 0,
-565, -565, 346, 30 << 8 | 0,
-444, -665, 346, 30 << 8 | 0,
-507, -507, 282, 30 << 8 | 0,
-398, -596, 282, 30 << 8 | 0,
-462, -462, 199, 30 << 8 | 0,
-363, -543, 199, 30 << 8 | 0,
-433, -433, 103, 30 << 8 | 0,
-340, -510, 103, 30 << 8 | 0,
-424, -424, 0, 30 << 8 | 0,
-333, -498, 0, 30 << 8 | 0,
-433, -433, -103, 30 << 8 | 0,
-340, -510, -103, 30 << 8 | 0,
-462, -462, -199, 30 << 8 | 0,
-363, -543, -199, 30 << 8 | 0,
-507, -507, -282, 30 << 8 | 0,
-398, -596, -282, 30 << 8 | 0,
-565, -565, -346, 30 << 8 | 0,
-444, -665, -346, 30 << 8 | 0,
-633, -633, -386, 30 << 8 | 0,
-498, -745, -386, 30 << 8 | 0,
-707, -707, -400, 30 << 8 | 0,
-555, -831, -400, 30 << 8 | 0,
-780, -780, -386, 30 << 8 | 0,
-613, -917, -386, 30 << 8 | 0,
-848, -848, -346, 30 << 8 | 0,
-666, -997, -346, 30 << 8 | 0,
-907, -907, -282, 30 << 8 | 0,
-712, -1066, -282, 30 << 8 | 0,
-952, -952, -200, 30 << 8 | 0,
-748, -1119, -200, 30 << 8 | 0,
-980, -980, -103, 30 << 8 | 0,
-770, -1152, -103, 30 << 8 | 0,
-989, -989, 0, 30 << 8 | 0,
-777, -1164, 0, 30 << 8 | 0,
0, 0, 0, 0 << 8 | 5,
-777, -1164, 0, 30 << 8 | 0,
-535, -1293, 0, 30 << 8 | 0,
-770, -1152, 103, 30 << 8 | 0,
-530, -1280, 103, 30 << 8 | 0,
-748, -1119, 199, 30 << 8 | 0,
-515, -1243, 199, 30 << 8 | 0,
-712, -1066, 282, 30 << 8 | 0,
-490, -1185, 282, 30 << 8 | 0,
-666, -997, 346, 30 << 8 | 0,
-459, -1108, 346, 30 << 8 | 0,
-613, -917, 386, 30 << 8 | 0,
-422, -1019, 386, 30 << 8 | 0,
-555, -831, 400, 30 << 8 | 0,
-382, -923, 400, 30 << 8 | 0,
-498, -745, 386, 30 << 8 | 0,
-343, -828, 386, 30 << 8 | 0,
-444, -665, 346, 30 << 8 | 0,
-306, -739, 346, 30 << 8 | 0,
-398, -596, 282, 30 << 8 | 0,
-274, -662, 282, 30 << 8 | 0,
-363, -543, 199, 30 << 8 | 0,
-250, -603, 199, 30 << 8 | 0,
-340, -510, 103, 30 << 8 | 0,
-234, -566, 103, 30 << 8 | 0,
-333, -498, 0, 30 << 8 | 0,
-229, -554, 0, 30 << 8 | 0,
-340, -510, -103, 30 << 8 | 0,
-234, -566, -103, 30 << 8 | 0,
-363, -543, -199, 30 << 8 | 0,
-250, -603, -199, 30 << 8 | 0,
-398, -596, -282, 30 << 8 | 0,
-274, -662, -282, 30 << 8 | 0,
-444, -665, -346, 30 << 8 | 0,
-306, -739, -346, 30 << 8 | 0,
-498, -745, -386, 30 << 8 | 0,
-343, -828, -386, 30 << 8 | 0,
-555, -831, -400, 30 << 8 | 0,
-382, -923, -400, 30 << 8 | 0,
-613, -917, -386, 30 << 8 | 0,
-422, -1019, -386, 30 << 8 | 0,
-666, -997, -346, 30 << 8 | 0,
-459, -1108, -346, 30 << 8 | 0,
-712, -1066, -282, 30 << 8 | 0,
-490, -1185, -282, 30 << 8 | 0,
-748, -1119, -200, 30 << 8 | 0,
-515, -1243, -200, 30 << 8 | 0,
-770, -1152, -103, 30 << 8 | 0,
-530, -1280, -103, 30 << 8 | 0,
-777, -1164, 0, 30 << 8 | 0,
-535, -1293, 0, 30 << 8 | 0,
0, 0, 0, 0 << 8 | 5,
-535, -1293, 0, 30 << 8 | 0,
-273, -1373, 0, 30 << 8 | 0,
-530, -1280, 103, 30 << 8 | 0,
-270, -1359, 103, 30 << 8 | 0,
-515, -1243, 199, 30 << 8 | 0,
-262, -1320, 199, 30 << 8 | 0,
-490, -1185, 282, 30 << 8 | 0,
-250, -1258, 282, 30 << 8 | 0,
-459, -1108, 346, 30 << 8 | 0,
-234, -1176, 346, 30 << 8 | 0,
-422, -1019, 386, 30 << 8 | 0,
-215, -1082, 386, 30 << 8 | 0,
-382, -923, 400, 30 << 8 | 0,
-195, -980, 400, 30 << 8 | 0,
-343, -828, 386, 30 << 8 | 0,
-174, -879, 386, 30 << 8 | 0,
-306, -739, 346, 30 << 8 | 0,
-156, -784, 346, 30 << 8 | 0,
-274, -662, 282, 30 << 8 | 0,
-139, -703, 282, 30 << 8 | 0,
-250, -603, 199, 30 << 8 | 0,
-127, -641, 199, 30 << 8 | 0,
-234, -566, 103, 30 << 8 | 0,
-119, -601, 103, 30 << 8 | 0,
-229, -554, 0, 30 << 8 | 0,
-117, -588, 0, 30 << 8 | 0,
-234, -566, -103, 30 << 8 | 0,
-119, -601, -103, 30 << 8 | 0,
-250, -603, -199, 30 << 8 | 0,
-127, -641, -199, 30 << 8 | 0,
-274, -662, -282, 30 << 8 | 0,
-139, -703, -282, 30 << 8 | 0,
-306, -739, -346, 30 << 8 | 0,
-156, -784, -346, 30 << 8 | 0,
-343, -828, -386, 30 << 8 | 0,
-174, -879, -386, 30 << 8 | 0,
-382, -923, -400, 30 << 8 | 0,
-195, -980, -400, 30 << 8 | 0,
-422, -1019, -386, 30 << 8 | 0,
-215, -1082, -386, 30 << 8 | 0,
-459, -1108, -346, 30 << 8 | 0,
-234, -1176, -346, 30 << 8 | 0,
-490, -1185, -282, 30 << 8 | 0,
-250, -1258, -282, 30 << 8 | 0,
-515, -1243, -200, 30 << 8 | 0,
-262, -1320, -200, 30 << 8 | 0,
-530, -1280, -103, 30 << 8 | 0,
-270, -1359, -103, 30 << 8 | 0,
-535, -1293, 0, 30 << 8 | 0,
-273, -1373, 0, 30 << 8 | 0,
0, 0, 0, 0 << 8 | 5,
-273, -1373, 0, 30 << 8 | 0,
0, -1400, 0, 30 << 8 | 0,
-270, -1359, 103, 30 << 8 | 0,
0, -1386, 103, 30 << 8 | 0,
-262, -1320, 199, 30 << 8 | 0,
0, -1346, 199, 30 << 8 | 0,
-250, -1258, 282, 30 << 8 | 0,
0, -1282, 282, 30 << 8 | 0,
-234, -1176, 346, 30 << 8 | 0,
0, -1200, 346, 30 << 8 | 0,
-215, -1082, 386, 30 << 8 | 0,
0, -1103, 386, 30 << 8 | 0,
-195, -980, 400, 30 << 8 | 0,
0, -1000, 400, 30 << 8 | 0,
-174, -879, 386, 30 << 8 | 0,
0, -896, 386, 30 << 8 | 0,
-156, -784, 346, 30 << 8 | 0,
0, -800, 346, 30 << 8 | 0,
-139, -703, 282, 30 << 8 | 0,
0, -717, 282, 30 << 8 | 0,
-127, -641, 199, 30 << 8 | 0,
0, -653, 199, 30 << 8 | 0,
-119, -601, 103, 30 << 8 | 0,
0, -613, 103, 30 << 8 | 0,
-117, -588, 0, 30 << 8 | 0,
0, -600, 0, 30 << 8 | 0,
-119, -601, -103, 30 << 8 | 0,
0, -613, -103, 30 << 8 | 0,
-127, -641, -199, 30 << 8 | 0,
0, -653, -199, 30 << 8 | 0,
-139, -703, -282, 30 << 8 | 0,
0, -717, -282, 30 << 8 | 0,
-156, -784, -346, 30 << 8 | 0,
0, -799, -346, 30 << 8 | 0,
-174, -879, -386, 30 << 8 | 0,
0, -896, -386, 30 << 8 | 0,
-195, -980, -400, 30 << 8 | 0,
0, -999, -400, 30 << 8 | 0,
-215, -1082, -386, 30 << 8 | 0,
0, -1103, -386, 30 << 8 | 0,
-234, -1176, -346, 30 << 8 | 0,
0, -1200, -346, 30 << 8 | 0,
-250, -1258, -282, 30 << 8 | 0,
0, -1282, -282, 30 << 8 | 0,
-262, -1320, -200, 30 << 8 | 0,
0, -1346, -200, 30 << 8 | 0,
-270, -1359, -103, 30 << 8 | 0,
0, -1386, -103, 30 << 8 | 0,
-273, -1373, 0, 30 << 8 | 0,
0, -1400, 0, 30 << 8 | 0,
0, 0, 0, 0 << 8 | 5,
0, -1400, 0, 30 << 8 | 0,
273, -1373, 0, 30 << 8 | 0,
0, -1386, 103, 30 << 8 | 0,
270, -1359, 103, 30 << 8 | 0,
0, -1346, 199, 30 << 8 | 0,
262, -1320, 199, 30 << 8 | 0,
0, -1282, 282, 30 << 8 | 0,
250, -1258, 282, 30 << 8 | 0,
0, -1200, 346, 30 << 8 | 0,
234, -1176, 346, 30 << 8 | 0,
0, -1103, 386, 30 << 8 | 0,
215, -1082, 386, 30 << 8 | 0,
0, -1000, 400, 30 << 8 | 0,
195, -980, 400, 30 << 8 | 0,
0, -896, 386, 30 << 8 | 0,
174, -879, 386, 30 << 8 | 0,
0, -800, 346, 30 << 8 | 0,
156, -784, 346, 30 << 8 | 0,
0, -717, 282, 30 << 8 | 0,
139, -703, 282, 30 << 8 | 0,
0, -653, 199, 30 << 8 | 0,
127, -641, 199, 30 << 8 | 0,
0, -613, 103, 30 << 8 | 0,
119, -601, 103, 30 << 8 | 0,
0, -600, 0, 30 << 8 | 0,
117, -588, 0, 30 << 8 | 0,
0, -613, -103, 30 << 8 | 0,
119, -601, -103, 30 << 8 | 0,
0, -653, -199, 30 << 8 | 0,
127, -641, -199, 30 << 8 | 0,
0, -717, -282, 30 << 8 | 0,
139, -703, -282, 30 << 8 | 0,
0, -799, -346, 30 << 8 | 0,
156, -784, -346, 30 << 8 | 0,
0, -896, -386, 30 << 8 | 0,
174, -879, -386, 30 << 8 | 0,
0, -999, -400, 30 << 8 | 0,
195, -980, -400, 30 << 8 | 0,
0, -1103, -386, 30 << 8 | 0,
215, -1082, -386, 30 << 8 | 0,
0, -1200, -346, 30 << 8 | 0,
234, -1176, -346, 30 << 8 | 0,
0, -1282, -282, 30 << 8 | 0,
250, -1258, -282, 30 << 8 | 0,
0, -1346, -200, 30 << 8 | 0,
262, -1320, -200, 30 << 8 | 0,
0, -1386, -103, 30 << 8 | 0,
270, -1359, -103, 30 << 8 | 0,
0, -1400, 0, 30 << 8 | 0,
273, -1373, 0, 30 << 8 | 0,
0, 0, 0, 0 << 8 | 5,
273, -1373, 0, 30 << 8 | 0,
535, -1293, 0, 30 << 8 | 0,
270, -1359, 103, 30 << 8 | 0,
530, -1280, 103, 30 << 8 | 0,
262, -1320, 199, 30 << 8 | 0,
515, -1243, 199, 30 << 8 | 0,
250, -1258, 282, 30 << 8 | 0,
490, -1185, 282, 30 << 8 | 0,
234, -1176, 346, 30 << 8 | 0,
459, -1108, 346, 30 << 8 | 0,
215, -1082, 386, 30 << 8 | 0,
422, -1019, 386, 30 << 8 | 0,
195, -980, 400, 30 << 8 | 0,
382, -923, 400, 30 << 8 | 0,
174, -879, 386, 30 << 8 | 0,
343, -828, 386, 30 << 8 | 0,
156, -784, 346, 30 << 8 | 0,
306, -739, 346, 30 << 8 | 0,
139, -703, 282, 30 << 8 | 0,
274, -662, 282, 30 << 8 | 0,
127, -641, 199, 30 << 8 | 0,
250, -603, 199, 30 << 8 | 0,
119, -601, 103, 30 << 8 | 0,
234, -566, 103, 30 << 8 | 0,
117, -588, 0, 30 << 8 | 0,
229, -554, 0, 30 << 8 | 0,
119, -601, -103, 30 << 8 | 0,
234, -566, -103, 30 << 8 | 0,
127, -641, -199, 30 << 8 | 0,
250, -603, -199, 30 << 8 | 0,
139, -703, -282, 30 << 8 | 0,
274, -662, -282, 30 << 8 | 0,
156, -784, -346, 30 << 8 | 0,
306, -739, -346, 30 << 8 | 0,
174, -879, -386, 30 << 8 | 0,
343, -828, -386, 30 << 8 | 0,
195, -980, -400, 30 << 8 | 0,
382, -923, -400, 30 << 8 | 0,
215, -1082, -386, 30 << 8 | 0,
422, -1019, -386, 30 << 8 | 0,
234, -1176, -346, 30 << 8 | 0,
459, -1108, -346, 30 << 8 | 0,
250, -1258, -282, 30 << 8 | 0,
490, -1185, -282, 30 << 8 | 0,
262, -1320, -200, 30 << 8 | 0,
515, -1243, -200, 30 << 8 | 0,
270, -1359, -103, 30 << 8 | 0,
530, -1280, -103, 30 << 8 | 0,
273, -1373, 0, 30 << 8 | 0,
535, -1293, 0, 30 << 8 | 0,
0, 0, 0, 0 << 8 | 5,
535, -1293, 0, 30 << 8 | 0,
777, -1164, 0, 30 << 8 | 0,
530, -1280, 103, 30 << 8 | 0,
770, -1152, 103, 30 << 8 | 0,
515, -1243, 199, 30 << 8 | 0,
748, -1119, 199, 30 << 8 | 0,
490, -1185, 282, 30 << 8 | 0,
712, -1066, 282, 30 << 8 | 0,
459, -1108, 346, 30 << 8 | 0,
666, -997, 346, 30 << 8 | 0,
422, -1019, 386, 30 << 8 | 0,
613, -917, 386, 30 << 8 | 0,
382, -923, 400, 30 << 8 | 0,
555, -831, 400, 30 << 8 | 0,
343, -828, 386, 30 << 8 | 0,
498, -745, 386, 30 << 8 | 0,
306, -739, 346, 30 << 8 | 0,
444, -665, 346, 30 << 8 | 0,
274, -662, 282, 30 << 8 | 0,
398, -596, 282, 30 << 8 | 0,
250, -603, 199, 30 << 8 | 0,
363, -543, 199, 30 << 8 | 0,
234, -566, 103, 30 << 8 | 0,
340, -510, 103, 30 << 8 | 0,
229, -554, 0, 30 << 8 | 0,
333, -498, 0, 30 << 8 | 0,
234, -566, -103, 30 << 8 | 0,
340, -510, -103, 30 << 8 | 0,
250, -603, -199, 30 << 8 | 0,
363, -543, -199, 30 << 8 | 0,
274, -662, -282, 30 << 8 | 0,
398, -596, -282, 30 << 8 | 0,
306, -739, -346, 30 << 8 | 0,
444, -665, -346, 30 << 8 | 0,
343, -828, -386, 30 << 8 | 0,
498, -745, -386, 30 << 8 | 0,
382, -923, -400, 30 << 8 | 0,
555, -831, -400, 30 << 8 | 0,
422, -1019, -386, 30 << 8 | 0,
613, -917, -386, 30 << 8 | 0,
459, -1108, -346, 30 << 8 | 0,
666, -997, -346, 30 << 8 | 0,
490, -1185, -282, 30 << 8 | 0,
712, -1066, -282, 30 << 8 | 0,
515, -1243, -200, 30 << 8 | 0,
748, -1119, -200, 30 << 8 | 0,
530, -1280, -103, 30 << 8 | 0,
770, -1152, -103, 30 << 8 | 0,
535, -1293, 0, 30 << 8 | 0,
777, -1164, 0, 30 << 8 | 0,
0, 0, 0, 0 << 8 | 5,
777, -1164, 0, 30 << 8 | 0,
989, -989, 0, 30 << 8 | 0,
770, -1152, 103, 30 << 8 | 0,
980, -980, 103, 30 << 8 | 0,
748, -1119, 199, 30 << 8 | 0,
952, -952, 199, 30 << 8 | 0,
712, -1066, 282, 30 << 8 | 0,
907, -907, 282, 30 << 8 | 0,
666, -997, 346, 30 << 8 | 0,
848, -848, 346, 30 << 8 | 0,
613, -917, 386, 30 << 8 | 0,
780, -780, 386, 30 << 8 | 0,
555, -831, 400, 30 << 8 | 0,
707, -707, 400, 30 << 8 | 0,
498, -745, 386, 30 << 8 | 0,
633, -633, 386, 30 << 8 | 0,
444, -665, 346, 30 << 8 | 0,
565, -565, 346, 30 << 8 | 0,
398, -596, 282, 30 << 8 | 0,
507, -507, 282, 30 << 8 | 0,
363, -543, 199, 30 << 8 | 0,
462, -462, 199, 30 << 8 | 0,
340, -510, 103, 30 << 8 | 0,
433, -433, 103, 30 << 8 | 0,
333, -498, 0, 30 << 8 | 0,
424, -424, 0, 30 << 8 | 0,
340, -510, -103, 30 << 8 | 0,
433, -433, -103, 30 << 8 | 0,
363, -543, -199, 30 << 8 | 0,
462, -462, -199, 30 << 8 | 0,
398, -596, -282, 30 << 8 | 0,
507, -507, -282, 30 << 8 | 0,
444, -665, -346, 30 << 8 | 0,
565, -565, -346, 30 << 8 | 0,
498, -745, -386, 30 << 8 | 0,
633, -633, -386, 30 << 8 | 0,
555, -831, -400, 30 << 8 | 0,
707, -707, -400, 30 << 8 | 0,
613, -917, -386, 30 << 8 | 0,
780, -780, -386, 30 << 8 | 0,
666, -997, -346, 30 << 8 | 0,
848, -848, -346, 30 << 8 | 0,
712, -1066, -282, 30 << 8 | 0,
907, -907, -282, 30 << 8 | 0,
748, -1119, -200, 30 << 8 | 0,
952, -952, -200, 30 << 8 | 0,
770, -1152, -103, 30 << 8 | 0,
980, -980, -103, 30 << 8 | 0,
777, -1164, 0, 30 << 8 | 0,
989, -989, 0, 30 << 8 | 0,
0, 0, 0, 0 << 8 | 5,
989, -989, 0, 30 << 8 | 0,
1164, -777, 0, 30 << 8 | 0,
980, -980, 103, 30 << 8 | 0,
1152, -770, 103, 30 << 8 | 0,
952, -952, 199, 30 << 8 | 0,
1119, -748, 199, 30 << 8 | 0,
907, -907, 282, 30 << 8 | 0,
1066, -712, 282, 30 << 8 | 0,
848, -848, 346, 30 << 8 | 0,
997, -666, 346, 30 << 8 | 0,
780, -780, 386, 30 << 8 | 0,
917, -613, 386, 30 << 8 | 0,
707, -707, 400, 30 << 8 | 0,
831, -555, 400, 30 << 8 | 0,
633, -633, 386, 30 << 8 | 0,
745, -498, 386, 30 << 8 | 0,
565, -565, 346, 30 << 8 | 0,
665, -444, 346, 30 << 8 | 0,
507, -507, 282, 30 << 8 | 0,
596, -398, 282, 30 << 8 | 0,
462, -462, 199, 30 << 8 | 0,
543, -363, 199, 30 << 8 | 0,
433, -433, 103, 30 << 8 | 0,
510, -340, 103, 30 << 8 | 0,
424, -424, 0, 30 << 8 | 0,
498, -333, 0, 30 << 8 | 0,
433, -433, -103, 30 << 8 | 0,
510, -340, -103, 30 << 8 | 0,
462, -462, -199, 30 << 8 | 0,
543, -363, -199, 30 << 8 | 0,
507, -507, -282, 30 << 8 | 0,
596, -398, -282, 30 << 8 | 0,
565, -565, -346, 30 << 8 | 0,
665, -444, -346, 30 << 8 | 0,
633, -633, -386, 30 << 8 | 0,
745, -498, -386, 30 << 8 | 0,
707, -707, -400, 30 << 8 | 0,
831, -555, -400, 30 << 8 | 0,
780, -780, -386, 30 << 8 | 0,
917, -613, -386, 30 << 8 | 0,
848, -848, -346, 30 << 8 | 0,
997, -666, -346, 30 << 8 | 0,
907, -907, -282, 30 << 8 | 0,
1066, -712, -282, 30 << 8 | 0,
952, -952, -200, 30 << 8 | 0,
1119, -748, -200, 30 << 8 | 0,
980, -980, -103, 30 << 8 | 0,
1152, -770, -103, 30 << 8 | 0,
989, -989, 0, 30 << 8 | 0,
1164, -777, 0, 30 << 8 | 0,
0, 0, 0, 0 << 8 | 5,
1164, -777, 0, 30 << 8 | 0,
1293, -535, 0, 30 << 8 | 0,
1152, -770, 103, 30 << 8 | 0,
1280, -530, 103, 30 << 8 | 0,
1119, -748, 199, 30 << 8 | 0,
1243, -515, 199, 30 << 8 | 0,
1066, -712, 282, 30 << 8 | 0,
1185, -490, 282, 30 << 8 | 0,
997, -666, 346, 30 << 8 | 0,
1108, -459, 346, 30 << 8 | 0,
917, -613, 386, 30 << 8 | 0,
1019, -422, 386, 30 << 8 | 0,
831, -555, 400, 30 << 8 | 0,
923, -382, 400, 30 << 8 | 0,
745, -498, 386, 30 << 8 | 0,
828, -343, 386, 30 << 8 | 0,
665, -444, 346, 30 << 8 | 0,
739, -306, 346, 30 << 8 | 0,
596, -398, 282, 30 << 8 | 0,
662, -274, 282, 30 << 8 | 0,
543, -363, 199, 30 << 8 | 0,
603, -250, 199, 30 << 8 | 0,
510, -340, 103, 30 << 8 | 0,
566, -234, 103, 30 << 8 | 0,
498, -333, 0, 30 << 8 | 0,
554, -229, 0, 30 << 8 | 0,
510, -340, -103, 30 << 8 | 0,
566, -234, -103, 30 << 8 | 0,
543, -363, -199, 30 << 8 | 0,
603, -250, -199, 30 << 8 | 0,
596, -398, -282, 30 << 8 | 0,
662, -274, -282, 30 << 8 | 0,
665, -444, -346, 30 << 8 | 0,
739, -306, -346, 30 << 8 | 0,
745, -498, -386, 30 << 8 | 0,
828, -343, -386, 30 << 8 | 0,
831, -555, -400, 30 << 8 | 0,
923, -382, -400, 30 << 8 | 0,
917, -613, -386, 30 << 8 | 0,
1019, -422, -386, 30 << 8 | 0,
997, -666, -346, 30 << 8 | 0,
1108, -459, -346, 30 << 8 | 0,
1066, -712, -282, 30 << 8 | 0,
1185, -490, -282, 30 << 8 | 0,
1119, -748, -200, 30 << 8 | 0,
1243, -515, -200, 30 << 8 | 0,
1152, -770, -103, 30 << 8 | 0,
1280, -530, -103, 30 << 8 | 0,
1164, -777, 0, 30 << 8 | 0,
1293, -535, 0, 30 << 8 | 0,
0, 0, 0, 0 << 8 | 5,
1293, -535, 0, 30 << 8 | 0,
1373, -273, 0, 30 << 8 | 0,
1280, -530, 103, 30 << 8 | 0,
1359, -270, 103, 30 << 8 | 0,
1243, -515, 199, 30 << 8 | 0,
1320, -262, 199, 30 << 8 | 0,
1185, -490, 282, 30 << 8 | 0,
1258, -250, 282, 30 << 8 | 0,
1108, -459, 346, 30 << 8 | 0,
1176, -234, 346, 30 << 8 | 0,
1019, -422, 386, 30 << 8 | 0,
1082, -215, 386, 30 << 8 | 0,
923, -382, 400, 30 << 8 | 0,
980, -195, 400, 30 << 8 | 0,
828, -343, 386, 30 << 8 | 0,
879, -174, 386, 30 << 8 | 0,
739, -306, 346, 30 << 8 | 0,
784, -156, 346, 30 << 8 | 0,
662, -274, 282, 30 << 8 | 0,
703, -139, 282, 30 << 8 | 0,
603, -250, 199, 30 << 8 | 0,
641, -127, 199, 30 << 8 | 0,
566, -234, 103, 30 << 8 | 0,
601, -119, 103, 30 << 8 | 0,
554, -229, 0, 30 << 8 | 0,
588, -117, 0, 30 << 8 | 0,
566, -234, -103, 30 << 8 | 0,
601, -119, -103, 30 << 8 | 0,
603, -250, -199, 30 << 8 | 0,
641, -127, -199, 30 << 8 | 0,
662, -274, -282, 30 << 8 | 0,
703, -139, -282, 30 << 8 | 0,
739, -306, -346, 30 << 8 | 0,
784, -156, -346, 30 << 8 | 0,
828, -343, -386, 30 << 8 | 0,
879, -174, -386, 30 << 8 | 0,
923, -382, -400, 30 << 8 | 0,
980, -195, -400, 30 << 8 | 0,
1019, -422, -386, 30 << 8 | 0,
1082, -215, -386, 30 << 8 | 0,
1108, -459, -346, 30 << 8 | 0,
1176, -234, -346, 30 << 8 | 0,
1185, -490, -282, 30 << 8 | 0,
1258, -250, -282, 30 << 8 | 0,
1243, -515, -200, 30 << 8 | 0,
1320, -262, -200, 30 << 8 | 0,
1280, -530, -103, 30 << 8 | 0,
1359, -270, -103, 30 << 8 | 0,
1293, -535, 0, 30 << 8 | 0,
1373, -273, 0, 30 << 8 | 0,
0, 0, 0, 0 << 8 | 5,
1373, -273, 0, 30 << 8 | 0,
1400, 0, 0, 30 << 8 | 0,
1359, -270, 103, 30 << 8 | 0,
1386, 0, 103, 30 << 8 | 0,
1320, -262, 199, 30 << 8 | 0,
1346, 0, 199, 30 << 8 | 0,
1258, -250, 282, 30 << 8 | 0,
1282, 0, 282, 30 << 8 | 0,
1176, -234, 346, 30 << 8 | 0,
1200, 0, 346, 30 << 8 | 0,
1082, -215, 386, 30 << 8 | 0,
1103, 0, 386, 30 << 8 | 0,
980, -195, 400, 30 << 8 | 0,
1000, 0, 400, 30 << 8 | 0,
879, -174, 386, 30 << 8 | 0,
896, 0, 386, 30 << 8 | 0,
784, -156, 346, 30 << 8 | 0,
800, 0, 346, 30 << 8 | 0,
703, -139, 282, 30 << 8 | 0,
717, 0, 282, 30 << 8 | 0,
641, -127, 199, 30 << 8 | 0,
653, 0, 199, 30 << 8 | 0,
601, -119, 103, 30 << 8 | 0,
613, 0, 103, 30 << 8 | 0,
588, -117, 0, 30 << 8 | 0,
600, 0, 0, 30 << 8 | 0,
601, -119, -103, 30 << 8 | 0,
613, 0, -103, 30 << 8 | 0,
641, -127, -199, 30 << 8 | 0,
653, 0, -199, 30 << 8 | 0,
703, -139, -282, 30 << 8 | 0,
717, 0, -282, 30 << 8 | 0,
784, -156, -346, 30 << 8 | 0,
799, 0, -346, 30 << 8 | 0,
879, -174, -386, 30 << 8 | 0,
896, 0, -386, 30 << 8 | 0,
980, -195, -400, 30 << 8 | 0,
999, 0, -400, 30 << 8 | 0,
1082, -215, -386, 30 << 8 | 0,
1103, 0, -386, 30 << 8 | 0,
1176, -234, -346, 30 << 8 | 0,
1200, 0, -346, 30 << 8 | 0,
1258, -250, -282, 30 << 8 | 0,
1282, 0, -282, 30 << 8 | 0,
1320, -262, -200, 30 << 8 | 0,
1346, 0, -200, 30 << 8 | 0,
1359, -270, -103, 30 << 8 | 0,
1386, 0, -103, 30 << 8 | 0,
1373, -273, 0, 30 << 8 | 0,
1400, 0, 0, 30 << 8 | 0,
0, 0, 0, 0 << 8 | 5,
